-10.000000 0.000000
-9.990000 0.000000
-9.980000 0.000000
-9.970000 0.000000
-9.960000 0.000000
-9.950000 0.000000
-9.940000 0.000000
-9.930000 0.000000
-9.920000 0.000000
-9.910000 0.000000
-9.900000 0.000000
-9.890000 0.000000
-9.880000 0.000000
-9.870000 0.000000
-9.860000 0.000000
-9.850000 0.000000
-9.840000 0.000000
-9.830000 0.000000
-9.820000 0.000000
-9.810000 0.000000
-9.800000 0.000000
-9.790000 0.000000
-9.780000 0.000000
-9.770000 0.000000
-9.760000 0.000000
-9.750000 0.000000
-9.740000 0.000000
-9.730000 0.000000
-9.720000 0.000000
-9.710000 0.000000
-9.700000 0.000000
-9.690000 0.000000
-9.680000 0.000000
-9.670000 0.000000
-9.660000 0.000000
-9.650000 0.000000
-9.640000 0.000000
-9.630000 0.000000
-9.620000 0.000000
-9.610000 0.000000
-9.600000 0.000000
-9.590000 0.000000
-9.580000 0.000000
-9.570000 0.000000
-9.560000 0.000000
-9.550000 0.000000
-9.540000 0.000000
-9.530000 0.000000
-9.520000 0.000000
-9.510000 0.000000
-9.500000 0.000000
-9.490000 0.000000
-9.480000 0.000000
-9.470000 0.000000
-9.460000 0.000000
-9.450000 0.000000
-9.440000 0.000000
-9.430000 0.000000
-9.420000 0.000000
-9.410000 0.000000
-9.400000 0.000000
-9.390000 0.000000
-9.380000 0.000000
-9.370000 0.000000
-9.360000 0.000000
-9.350000 0.000000
-9.340000 0.000000
-9.330000 0.000000
-9.320000 0.000000
-9.310000 0.000000
-9.300000 0.000000
-9.290000 0.000000
-9.280000 0.000000
-9.270000 0.000000
-9.260000 0.000000
-9.250000 0.000000
-9.240000 0.000000
-9.230000 0.000000
-9.220000 0.000000
-9.210000 0.000000
-9.200000 0.000000
-9.190000 0.000000
-9.180000 0.000000
-9.170000 0.000000
-9.160000 0.000000
-9.150000 0.000000
-9.140000 0.000000
-9.130000 0.000000
-9.120000 0.000000
-9.110000 0.000000
-9.100000 0.000000
-9.090000 0.000000
-9.080000 0.000000
-9.070000 0.000000
-9.060000 0.000000
-9.050000 0.000000
-9.040000 0.000000
-9.030000 0.000000
-9.020000 0.000000
-9.010000 0.000000
-9.000000 0.000000
-8.990000 0.000000
-8.980000 0.000000
-8.970000 0.000000
-8.960000 0.000000
-8.950000 0.000000
-8.940000 0.000000
-8.930000 0.000000
-8.920000 0.000000
-8.910000 0.000000
-8.900000 0.000000
-8.890000 0.000000
-8.880000 0.000000
-8.870000 0.000000
-8.860000 0.000000
-8.850000 0.000000
-8.840000 0.000000
-8.830000 0.000000
-8.820000 0.000000
-8.810000 0.000000
-8.800000 0.000000
-8.790000 0.000000
-8.780000 0.000000
-8.770000 0.000000
-8.760000 0.000000
-8.750000 0.000000
-8.740000 0.000000
-8.730000 0.000000
-8.720000 0.000000
-8.710000 0.000000
-8.700000 0.000000
-8.690000 0.000000
-8.680000 0.000000
-8.670000 0.000000
-8.660000 0.000000
-8.650000 0.000000
-8.640000 0.000000
-8.630000 0.000000
-8.620000 0.000000
-8.610000 0.000000
-8.600000 0.000000
-8.590000 0.000000
-8.580000 0.000000
-8.570000 0.000000
-8.560000 0.000000
-8.550000 0.000000
-8.540000 0.000000
-8.530000 0.000000
-8.520000 0.000000
-8.510000 0.000000
-8.500000 0.000000
-8.490000 0.000000
-8.480000 0.000000
-8.470000 0.000000
-8.460000 0.000000
-8.450000 0.000000
-8.440000 0.000000
-8.430000 0.000000
-8.420000 0.000000
-8.410000 0.000000
-8.400000 0.000000
-8.390000 0.000000
-8.380000 0.000000
-8.370000 0.000000
-8.360000 0.000000
-8.350000 0.000000
-8.340000 0.000000
-8.330000 0.000000
-8.320000 0.000000
-8.310000 0.000000
-8.300000 0.000000
-8.290000 0.000000
-8.280000 0.000000
-8.270000 0.000000
-8.260000 0.000000
-8.250000 0.000000
-8.240000 0.000000
-8.230000 0.000000
-8.220000 0.000000
-8.210000 0.000000
-8.200000 0.000000
-8.190000 0.000000
-8.180000 0.000000
-8.170000 0.000000
-8.160000 0.000000
-8.150000 0.000000
-8.140000 0.000000
-8.130000 0.000000
-8.120000 0.000000
-8.110000 0.000000
-8.100000 0.000000
-8.090000 0.000000
-8.080000 0.000000
-8.070000 0.000000
-8.060000 0.000000
-8.050000 0.000000
-8.040000 0.000000
-8.030000 0.000000
-8.020000 0.000000
-8.010000 0.000000
-8.000000 0.000000
-7.990000 0.000000
-7.980000 0.000000
-7.970000 0.000000
-7.960000 0.000000
-7.950000 0.000000
-7.940000 0.000000
-7.930000 0.000000
-7.920000 0.000000
-7.910000 0.000000
-7.900000 0.000000
-7.890000 0.000000
-7.880000 0.000000
-7.870000 0.000000
-7.860000 0.000000
-7.850000 0.000000
-7.840000 0.000000
-7.830000 0.000000
-7.820000 0.000000
-7.810000 0.000000
-7.800000 0.000000
-7.790000 0.000000
-7.780000 0.000000
-7.770000 0.000000
-7.760000 0.000000
-7.750000 0.000000
-7.740000 0.000000
-7.730000 0.000000
-7.720000 0.000000
-7.710000 0.000000
-7.700000 0.000000
-7.690000 0.000000
-7.680000 0.000000
-7.670000 0.000000
-7.660000 0.000000
-7.650000 0.000000
-7.640000 0.000000
-7.630000 0.000000
-7.620000 0.000000
-7.610000 0.000000
-7.600000 0.000000
-7.590000 0.000000
-7.580000 0.000000
-7.570000 0.000000
-7.560000 0.000000
-7.550000 0.000000
-7.540000 0.000000
-7.530000 0.000000
-7.520000 0.000000
-7.510000 0.000000
-7.500000 0.000000
-7.490000 0.000000
-7.480000 0.000000
-7.470000 0.000000
-7.460000 0.000000
-7.450000 0.000000
-7.440000 0.000000
-7.430000 0.000000
-7.420000 0.000000
-7.410000 0.000000
-7.400000 0.000000
-7.390000 0.000000
-7.380000 0.000000
-7.370000 0.000000
-7.360000 0.000000
-7.350000 0.000000
-7.340000 0.000000
-7.330000 0.000000
-7.320000 0.000000
-7.310000 0.000000
-7.300000 0.000000
-7.290000 0.000000
-7.280000 0.000000
-7.270000 0.000000
-7.260000 0.000000
-7.250000 0.000000
-7.240000 0.000000
-7.230000 0.000000
-7.220000 0.000000
-7.210000 0.000000
-7.200000 0.000000
-7.190000 0.000000
-7.180000 0.000000
-7.170000 0.000000
-7.160000 0.000000
-7.150000 0.000000
-7.140000 0.000000
-7.130000 0.000000
-7.120000 0.000000
-7.110000 0.000000
-7.100000 0.000000
-7.090000 0.000000
-7.080000 0.000000
-7.070000 0.000000
-7.060000 0.000000
-7.050000 0.000000
-7.040000 0.000000
-7.030000 0.000000
-7.020000 0.000000
-7.010000 0.000000
-7.000000 0.000000
-6.990000 0.000000
-6.980000 0.000000
-6.970000 0.000000
-6.960000 0.000000
-6.950000 0.000000
-6.940000 0.000000
-6.930000 0.000000
-6.920000 0.000000
-6.910000 0.000000
-6.900000 0.000000
-6.890000 0.000000
-6.880000 0.000000
-6.870000 0.000000
-6.860000 0.000000
-6.850000 0.000000
-6.840000 0.000000
-6.830000 0.000000
-6.820000 0.000000
-6.810000 0.000000
-6.800000 0.000000
-6.790000 0.000000
-6.780000 0.000000
-6.770000 0.000000
-6.760000 0.000000
-6.750000 0.000000
-6.740000 0.000000
-6.730000 0.000000
-6.720000 0.000000
-6.710000 0.000000
-6.700000 0.000000
-6.690000 0.000000
-6.680000 0.000000
-6.670000 0.000000
-6.660000 0.000000
-6.650000 0.000000
-6.640000 0.000000
-6.630000 0.000000
-6.620000 0.000000
-6.610000 0.000000
-6.600000 0.000000
-6.590000 0.000000
-6.580000 0.000000
-6.570000 0.000000
-6.560000 0.000000
-6.550000 0.000000
-6.540000 0.000000
-6.530000 0.000000
-6.520000 0.000000
-6.510000 0.000000
-6.500000 0.000000
-6.490000 0.000000
-6.480000 0.000000
-6.470000 0.000000
-6.460000 0.000000
-6.450000 0.000000
-6.440000 0.000000
-6.430000 0.000000
-6.420000 0.000000
-6.410000 0.000000
-6.400000 0.000000
-6.390000 0.000000
-6.380000 0.000000
-6.370000 0.000000
-6.360000 0.000000
-6.350000 0.000000
-6.340000 0.000000
-6.330000 0.000000
-6.320000 0.000000
-6.310000 0.000000
-6.300000 0.000000
-6.290000 0.000000
-6.280000 0.000000
-6.270000 0.000000
-6.260000 0.000000
-6.250000 0.000000
-6.240000 0.000000
-6.230000 0.000000
-6.220000 0.000000
-6.210000 0.000000
-6.200000 0.000000
-6.190000 0.000000
-6.180000 0.000000
-6.170000 0.000000
-6.160000 0.000000
-6.150000 0.000000
-6.140000 0.000000
-6.130000 0.000000
-6.120000 0.000000
-6.110000 0.000000
-6.100000 0.000000
-6.090000 0.000000
-6.080000 0.000000
-6.070000 0.000000
-6.060000 0.000000
-6.050000 0.000000
-6.040000 0.000000
-6.030000 0.000000
-6.020000 0.000000
-6.010000 0.000000
-6.000000 0.000000
-5.990000 0.000000
-5.980000 0.000000
-5.970000 0.000000
-5.960000 0.000000
-5.950000 0.000000
-5.940000 0.000000
-5.930000 0.000000
-5.920000 0.000000
-5.910000 0.000000
-5.900000 0.000000
-5.890000 0.000000
-5.880000 0.000000
-5.870000 0.000000
-5.860000 0.000000
-5.850000 0.000000
-5.840000 0.000000
-5.830000 0.000000
-5.820000 0.000000
-5.810000 0.000000
-5.800000 0.000000
-5.790000 0.000000
-5.780000 0.000000
-5.770000 0.000000
-5.760000 0.000000
-5.750000 0.000000
-5.740000 0.000000
-5.730000 0.000000
-5.720000 0.000000
-5.710000 0.000000
-5.700000 0.000000
-5.690000 0.000000
-5.680000 0.000000
-5.670000 0.000000
-5.660000 0.000000
-5.650000 0.000000
-5.640000 0.000000
-5.630000 0.000000
-5.620000 0.000000
-5.610000 0.000000
-5.600000 0.000000
-5.590000 0.000000
-5.580000 0.000000
-5.570000 0.000000
-5.560000 0.000000
-5.550000 0.000000
-5.540000 0.000000
-5.530000 0.000000
-5.520000 0.000000
-5.510000 0.000000
-5.500000 0.000000
-5.490000 0.000000
-5.480000 0.000000
-5.470000 0.000000
-5.460000 0.000000
-5.450000 0.000000
-5.440000 0.000000
-5.430000 0.000000
-5.420000 0.000000
-5.410000 0.000000
-5.400000 0.000000
-5.390000 0.000000
-5.380000 0.000000
-5.370000 0.000000
-5.360000 0.000000
-5.350000 0.000000
-5.340000 0.000000
-5.330000 0.000000
-5.320000 0.000000
-5.310000 0.000000
-5.300000 0.000000
-5.290000 0.000000
-5.280000 0.000000
-5.270000 0.000000
-5.260000 0.000000
-5.250000 0.000000
-5.240000 0.000000
-5.230000 0.000000
-5.220000 0.000000
-5.210000 0.000000
-5.200000 0.000000
-5.190000 0.000000
-5.180000 0.000000
-5.170000 0.000000
-5.160000 0.000000
-5.150000 0.000000
-5.140000 0.000000
-5.130000 0.000000
-5.120000 0.000000
-5.110000 0.000000
-5.100000 0.000000
-5.090000 0.000000
-5.080000 0.000000
-5.070000 0.000000
-5.060000 0.000000
-5.050000 0.000000
-5.040000 0.000000
-5.030000 0.000000
-5.020000 0.000000
-5.010000 0.000000
-5.000000 0.000000
-4.990000 0.000000
-4.980000 0.000000
-4.970000 0.000000
-4.960000 0.000000
-4.950000 0.000000
-4.940000 0.000000
-4.930000 0.000000
-4.920000 0.000000
-4.910000 0.000000
-4.900000 0.000000
-4.890000 0.000000
-4.880000 0.000000
-4.870000 0.000000
-4.860000 0.000000
-4.850000 0.000000
-4.840000 0.000000
-4.830000 0.000000
-4.820000 0.000000
-4.810000 0.000000
-4.800000 0.000000
-4.790000 0.000000
-4.780000 0.000000
-4.770000 0.000000
-4.760000 0.000000
-4.750000 0.000000
-4.740000 0.000000
-4.730000 0.000000
-4.720000 0.000000
-4.710000 0.000000
-4.700000 0.000000
-4.690000 0.000000
-4.680000 0.000000
-4.670000 0.000000
-4.660000 0.000000
-4.650000 0.000000
-4.640000 0.000000
-4.630000 0.000000
-4.620000 0.000000
-4.610000 0.000000
-4.600000 0.000000
-4.590000 0.000000
-4.580000 0.000000
-4.570000 0.000000
-4.560000 0.000000
-4.550000 0.000000
-4.540000 0.000000
-4.530000 0.000000
-4.520000 0.000000
-4.510000 0.000000
-4.500000 0.000000
-4.490000 0.000000
-4.480000 0.000000
-4.470000 0.000000
-4.460000 0.000000
-4.450000 0.000000
-4.440000 0.000000
-4.430000 0.000000
-4.420000 0.000000
-4.410000 0.000000
-4.400000 0.000000
-4.390000 0.000000
-4.380000 0.000000
-4.370000 0.000000
-4.360000 0.000000
-4.350000 0.000000
-4.340000 0.000000
-4.330000 0.000000
-4.320000 0.000000
-4.310000 0.000000
-4.300000 0.000000
-4.290000 0.000000
-4.280000 0.000000
-4.270000 0.000000
-4.260000 0.000000
-4.250000 0.000000
-4.240000 0.000000
-4.230000 0.000000
-4.220000 0.000000
-4.210000 0.000000
-4.200000 0.000000
-4.190000 0.000000
-4.180000 0.000000
-4.170000 0.000000
-4.160000 0.000000
-4.150000 0.000000
-4.140000 0.000000
-4.130000 0.000000
-4.120000 0.000000
-4.110000 0.000000
-4.100000 0.000000
-4.090000 0.000000
-4.080000 0.000000
-4.070000 0.000000
-4.060000 0.000000
-4.050000 0.000000
-4.040000 0.000000
-4.030000 0.000000
-4.020000 0.000000
-4.010000 0.000000
-4.000000 0.000000
-3.990000 0.000000
-3.980000 0.000000
-3.970000 0.000000
-3.960000 0.000000
-3.950000 0.000000
-3.940000 0.000000
-3.930000 0.000000
-3.920000 0.000000
-3.910000 0.000000
-3.900000 0.000000
-3.890000 0.000000
-3.880000 0.000000
-3.870000 0.000000
-3.860000 0.000000
-3.850000 0.000000
-3.840000 0.000000
-3.830000 0.000000
-3.820000 0.000000
-3.810000 0.000000
-3.800000 0.000000
-3.790000 0.000000
-3.780000 0.000000
-3.770000 0.000000
-3.760000 0.000000
-3.750000 0.000000
-3.740000 0.000000
-3.730000 0.000000
-3.720000 0.000000
-3.710000 0.000000
-3.700000 0.000000
-3.690000 0.000000
-3.680000 0.000000
-3.670000 0.000000
-3.660000 0.000000
-3.650000 0.000000
-3.640000 0.000000
-3.630000 0.000000
-3.620000 0.000000
-3.610000 0.000000
-3.600000 0.000000
-3.590000 0.000000
-3.580000 0.000000
-3.570000 0.000000
-3.560000 0.000000
-3.550000 0.000000
-3.540000 0.000000
-3.530000 0.000000
-3.520000 0.000000
-3.510000 0.000000
-3.500000 0.000000
-3.490000 0.000000
-3.480000 0.000000
-3.470000 0.000000
-3.460000 0.000000
-3.450000 0.000000
-3.440000 0.000000
-3.430000 0.000000
-3.420000 0.000000
-3.410000 0.000000
-3.400000 0.000000
-3.390000 0.000000
-3.380000 0.000000
-3.370000 0.000000
-3.360000 0.000000
-3.350000 0.000000
-3.340000 0.000000
-3.330000 0.000000
-3.320000 0.000000
-3.310000 0.000000
-3.300000 0.000000
-3.290000 0.000000
-3.280000 0.000000
-3.270000 0.000000
-3.260000 0.000000
-3.250000 0.000000
-3.240000 0.000000
-3.230000 0.000000
-3.220000 0.000000
-3.210000 0.000000
-3.200000 0.000000
-3.190000 0.000000
-3.180000 0.000000
-3.170000 0.000000
-3.160000 0.000000
-3.150000 0.000000
-3.140000 0.000000
-3.130000 0.000000
-3.120000 0.000000
-3.110000 0.000000
-3.100000 0.000000
-3.090000 0.000000
-3.080000 0.000000
-3.070000 0.000000
-3.060000 0.000000
-3.050000 0.000000
-3.040000 0.000000
-3.030000 0.000000
-3.020000 0.000000
-3.010000 0.000000
-3.000000 0.000000
-2.990000 0.000000
-2.980000 0.000000
-2.970000 0.000000
-2.960000 0.000000
-2.950000 0.000000
-2.940000 0.000000
-2.930000 0.000000
-2.920000 0.000000
-2.910000 0.000000
-2.900000 0.000000
-2.890000 0.000000
-2.880000 0.000000
-2.870000 0.000000
-2.860000 0.000000
-2.850000 0.000000
-2.840000 0.000000
-2.830000 0.000000
-2.820000 0.000000
-2.810000 0.000000
-2.800000 0.000000
-2.790000 0.000000
-2.780000 0.000000
-2.770000 0.000000
-2.760000 0.000000
-2.750000 0.000000
-2.740000 0.000000
-2.730000 0.000000
-2.720000 0.000000
-2.710000 0.000000
-2.700000 0.000000
-2.690000 0.000000
-2.680000 0.000000
-2.670000 0.000001
-2.660000 0.000001
-2.650000 0.000001
-2.640000 0.000001
-2.630000 0.000001
-2.620000 0.000001
-2.610000 0.000001
-2.600000 0.000001
-2.590000 0.000002
-2.580000 0.000002
-2.570000 0.000002
-2.560000 0.000002
-2.550000 0.000003
-2.540000 0.000003
-2.530000 0.000004
-2.520000 0.000004
-2.510000 0.000005
-2.500000 0.000005
-2.490000 0.000006
-2.480000 0.000007
-2.470000 0.000007
-2.460000 0.000008
-2.450000 0.000009
-2.440000 0.000010
-2.430000 0.000012
-2.420000 0.000013
-2.410000 0.000015
-2.400000 0.000016
-2.390000 0.000018
-2.380000 0.000020
-2.370000 0.000023
-2.360000 0.000025
-2.350000 0.000028
-2.340000 0.000031
-2.330000 0.000034
-2.320000 0.000038
-2.310000 0.000042
-2.300000 0.000047
-2.290000 0.000051
-2.280000 0.000057
-2.270000 0.000063
-2.260000 0.000069
-2.250000 0.000076
-2.240000 0.000083
-2.230000 0.000091
-2.220000 0.000100
-2.210000 0.000110
-2.200000 0.000120
-2.190000 0.000132
-2.180000 0.000144
-2.170000 0.000157
-2.160000 0.000171
-2.150000 0.000187
-2.140000 0.000204
-2.130000 0.000222
-2.120000 0.000241
-2.110000 0.000262
-2.100000 0.000284
-2.090000 0.000308
-2.080000 0.000334
-2.070000 0.000362
-2.060000 0.000391
-2.050000 0.000423
-2.040000 0.000457
-2.030000 0.000493
-2.020000 0.000532
-2.010000 0.000574
-2.000000 0.000618
-1.990000 0.000665
-1.980000 0.000715
-1.970000 0.000769
-1.960000 0.000826
-1.950000 0.000886
-1.940000 0.000950
-1.930000 0.001018
-1.920000 0.001091
-1.910000 0.001167
-1.900000 0.001248
-1.890000 0.001334
-1.880000 0.001425
-1.870000 0.001521
-1.860000 0.001623
-1.850000 0.001730
-1.840000 0.001843
-1.830000 0.001962
-1.820000 0.002087
-1.810000 0.002220
-1.800000 0.002359
-1.790000 0.002505
-1.780000 0.002659
-1.770000 0.002820
-1.760000 0.002990
-1.750000 0.003168
-1.740000 0.003355
-1.730000 0.003551
-1.720000 0.003756
-1.710000 0.003970
-1.700000 0.004195
-1.690000 0.004429
-1.680000 0.004675
-1.670000 0.004931
-1.660000 0.005199
-1.650000 0.005478
-1.640000 0.005770
-1.630000 0.006073
-1.620000 0.006390
-1.610000 0.006719
-1.600000 0.007062
-1.590000 0.007419
-1.580000 0.007790
-1.570000 0.008175
-1.560000 0.008576
-1.550000 0.008992
-1.540000 0.009423
-1.530000 0.009871
-1.520000 0.010335
-1.510000 0.010816
-1.500000 0.011314
-1.490000 0.011830
-1.480000 0.012364
-1.470000 0.012917
-1.460000 0.013488
-1.450000 0.014078
-1.440000 0.014688
-1.430000 0.015318
-1.420000 0.015969
-1.410000 0.016640
-1.400000 0.017332
-1.390000 0.018046
-1.380000 0.018781
-1.370000 0.019539
-1.360000 0.020319
-1.350000 0.021122
-1.340000 0.021949
-1.330000 0.022799
-1.320000 0.023673
-1.310000 0.024571
-1.300000 0.025494
-1.290000 0.026442
-1.280000 0.027416
-1.270000 0.028415
-1.260000 0.029439
-1.250000 0.030490
-1.240000 0.031568
-1.230000 0.032672
-1.220000 0.033804
-1.210000 0.034962
-1.200000 0.036149
-1.190000 0.037363
-1.180000 0.038605
-1.170000 0.039876
-1.160000 0.041175
-1.150000 0.042502
-1.140000 0.043859
-1.130000 0.045245
-1.120000 0.046661
-1.110000 0.048106
-1.100000 0.049580
-1.090000 0.051085
-1.080000 0.052619
-1.070000 0.054183
-1.060000 0.055778
-1.050000 0.057403
-1.040000 0.059059
-1.030000 0.060745
-1.020000 0.062462
-1.010000 0.064210
-1.000000 0.065988
-0.990000 0.067797
-0.980000 0.069637
-0.970000 0.071508
-0.960000 0.073410
-0.950000 0.075343
-0.940000 0.077306
-0.930000 0.079301
-0.920000 0.081326
-0.910000 0.083382
-0.900000 0.085469
-0.890000 0.087586
-0.880000 0.089735
-0.870000 0.091913
-0.860000 0.094122
-0.850000 0.096362
-0.840000 0.098631
-0.830000 0.100931
-0.820000 0.103261
-0.810000 0.105620
-0.800000 0.108009
-0.790000 0.110427
-0.780000 0.112875
-0.770000 0.115352
-0.760000 0.117858
-0.750000 0.120392
-0.740000 0.122955
-0.730000 0.125546
-0.720000 0.128165
-0.710000 0.130812
-0.700000 0.133487
-0.690000 0.136188
-0.680000 0.138917
-0.670000 0.141672
-0.660000 0.144454
-0.650000 0.147262
-0.640000 0.150096
-0.630000 0.152955
-0.620000 0.155840
-0.610000 0.158749
-0.600000 0.161683
-0.590000 0.164641
-0.580000 0.167623
-0.570000 0.170628
-0.560000 0.173657
-0.550000 0.176709
-0.540000 0.179783
-0.530000 0.182879
-0.520000 0.185996
-0.510000 0.189136
-0.500000 0.192296
-0.490000 0.195476
-0.480000 0.198677
-0.470000 0.201898
-0.460000 0.205138
-0.450000 0.208397
-0.440000 0.211674
-0.430000 0.214970
-0.420000 0.218283
-0.410000 0.221614
-0.400000 0.224962
-0.390000 0.228326
-0.380000 0.231706
-0.370000 0.235102
-0.360000 0.238513
-0.350000 0.241940
-0.340000 0.245380
-0.330000 0.248834
-0.320000 0.252302
-0.310000 0.255783
-0.300000 0.259277
-0.290000 0.262783
-0.280000 0.266301
-0.270000 0.269830
-0.260000 0.273370
-0.250000 0.276920
-0.240000 0.280481
-0.230000 0.284051
-0.220000 0.287631
-0.210000 0.291219
-0.200000 0.294816
-0.190000 0.298421
-0.180000 0.302033
-0.170000 0.305653
-0.160000 0.309279
-0.150000 0.312912
-0.140000 0.316550
-0.130000 0.320194
-0.120000 0.323843
-0.110000 0.327496
-0.100000 0.331154
-0.090000 0.334816
-0.080000 0.338481
-0.070000 0.342149
-0.060000 0.345820
-0.050000 0.349493
-0.040000 0.353168
-0.030000 0.356845
-0.020000 0.360522
-0.010000 0.364201
-0.000000 0.367879
0.010000 0.371558
0.020000 0.375237
0.030000 0.378914
0.040000 0.382591
0.050000 0.386266
0.060000 0.389939
0.070000 0.393610
0.080000 0.397279
0.090000 0.400945
0.100000 0.404608
0.110000 0.408267
0.120000 0.411922
0.130000 0.415574
0.140000 0.419221
0.150000 0.422863
0.160000 0.426500
0.170000 0.430131
0.180000 0.433757
0.190000 0.437377
0.200000 0.440991
0.210000 0.444598
0.220000 0.448199
0.230000 0.451792
0.240000 0.455378
0.250000 0.458956
0.260000 0.462526
0.270000 0.466089
0.280000 0.469642
0.290000 0.473187
0.300000 0.476724
0.310000 0.480251
0.320000 0.483768
0.330000 0.487276
0.340000 0.490775
0.350000 0.494263
0.360000 0.497741
0.370000 0.501208
0.380000 0.504665
0.390000 0.508110
0.400000 0.511545
0.410000 0.514968
0.420000 0.518380
0.430000 0.521780
0.440000 0.525168
0.450000 0.528545
0.460000 0.531909
0.470000 0.535260
0.480000 0.538599
0.490000 0.541926
0.500000 0.545239
0.510000 0.548540
0.520000 0.551827
0.530000 0.555101
0.540000 0.558362
0.550000 0.561609
0.560000 0.564842
0.570000 0.568062
0.580000 0.571267
0.590000 0.574459
0.600000 0.577636
0.610000 0.580799
0.620000 0.583947
0.630000 0.587081
0.640000 0.590201
0.650000 0.593306
0.660000 0.596395
0.670000 0.599470
0.680000 0.602531
0.690000 0.605575
0.700000 0.608605
0.710000 0.611620
0.720000 0.614619
0.730000 0.617603
0.740000 0.620572
0.750000 0.623525
0.760000 0.626462
0.770000 0.629384
0.780000 0.632291
0.790000 0.635181
0.800000 0.638056
0.810000 0.640915
0.820000 0.643758
0.830000 0.646586
0.840000 0.649397
0.850000 0.652193
0.860000 0.654972
0.870000 0.657736
0.880000 0.660484
0.890000 0.663215
0.900000 0.665931
0.910000 0.668630
0.920000 0.671313
0.930000 0.673981
0.940000 0.676632
0.950000 0.679267
0.960000 0.681886
0.970000 0.684489
0.980000 0.687075
0.990000 0.689646
1.000000 0.692201
1.010000 0.694739
1.020000 0.697261
1.030000 0.699768
1.040000 0.702258
1.050000 0.704732
1.060000 0.707190
1.070000 0.709632
1.080000 0.712058
1.090000 0.714468
1.100000 0.716863
1.110000 0.719241
1.120000 0.721603
1.130000 0.723950
1.140000 0.726280
1.150000 0.728595
1.160000 0.730894
1.170000 0.733178
1.180000 0.735446
1.190000 0.737698
1.200000 0.739934
1.210000 0.742155
1.220000 0.744360
1.230000 0.746550
1.240000 0.748724
1.250000 0.750883
1.260000 0.753027
1.270000 0.755155
1.280000 0.757269
1.290000 0.759366
1.300000 0.761449
1.310000 0.763517
1.320000 0.765569
1.330000 0.767607
1.340000 0.769630
1.350000 0.771638
1.360000 0.773631
1.370000 0.775609
1.380000 0.777572
1.390000 0.779521
1.400000 0.781456
1.410000 0.783375
1.420000 0.785281
1.430000 0.787172
1.440000 0.789048
1.450000 0.790911
1.460000 0.792759
1.470000 0.794593
1.480000 0.796413
1.490000 0.798219
1.500000 0.800011
1.510000 0.801789
1.520000 0.803553
1.530000 0.805304
1.540000 0.807041
1.550000 0.808764
1.560000 0.810474
1.570000 0.812170
1.580000 0.813853
1.590000 0.815523
1.600000 0.817179
1.610000 0.818823
1.620000 0.820453
1.630000 0.822070
1.640000 0.823674
1.650000 0.825266
1.660000 0.826844
1.670000 0.828410
1.680000 0.829963
1.690000 0.831504
1.700000 0.833032
1.710000 0.834547
1.720000 0.836051
1.730000 0.837542
1.740000 0.839020
1.750000 0.840487
1.760000 0.841941
1.770000 0.843384
1.780000 0.844815
1.790000 0.846233
1.800000 0.847640
1.810000 0.849036
1.820000 0.850419
1.830000 0.851791
1.840000 0.853152
1.850000 0.854501
1.860000 0.855839
1.870000 0.857166
1.880000 0.858482
1.890000 0.859786
1.900000 0.861079
1.910000 0.862362
1.920000 0.863633
1.930000 0.864894
1.940000 0.866144
1.950000 0.867383
1.960000 0.868612
1.970000 0.869831
1.980000 0.871038
1.990000 0.872236
2.000000 0.873423
2.010000 0.874600
2.020000 0.875767
2.030000 0.876923
2.040000 0.878070
2.050000 0.879207
2.060000 0.880334
2.070000 0.881451
2.080000 0.882558
2.090000 0.883656
2.100000 0.884744
2.110000 0.885823
2.120000 0.886892
2.130000 0.887952
2.140000 0.889003
2.150000 0.890044
2.160000 0.891076
2.170000 0.892099
2.180000 0.893114
2.190000 0.894119
2.200000 0.895115
2.210000 0.896102
2.220000 0.897081
2.230000 0.898051
2.240000 0.899012
2.250000 0.899965
2.260000 0.900909
2.270000 0.901845
2.280000 0.902773
2.290000 0.903692
2.300000 0.904603
2.310000 0.905506
2.320000 0.906401
2.330000 0.907288
2.340000 0.908166
2.350000 0.909037
2.360000 0.909900
2.370000 0.910756
2.380000 0.911603
2.390000 0.912443
2.400000 0.913275
2.410000 0.914100
2.420000 0.914917
2.430000 0.915727
2.440000 0.916530
2.450000 0.917325
2.460000 0.918113
2.470000 0.918894
2.480000 0.919667
2.490000 0.920434
2.500000 0.921194
2.510000 0.921946
2.520000 0.922692
2.530000 0.923431
2.540000 0.924163
2.550000 0.924889
2.560000 0.925608
2.570000 0.926320
2.580000 0.927026
2.590000 0.927725
2.600000 0.928418
2.610000 0.929104
2.620000 0.929784
2.630000 0.930458
2.640000 0.931125
2.650000 0.931787
2.660000 0.932442
2.670000 0.933091
2.680000 0.933734
2.690000 0.934372
2.700000 0.935003
2.710000 0.935628
2.720000 0.936248
2.730000 0.936862
2.740000 0.937470
2.750000 0.938073
2.760000 0.938670
2.770000 0.939261
2.780000 0.939847
2.790000 0.940427
2.800000 0.941002
2.810000 0.941571
2.820000 0.942136
2.830000 0.942695
2.840000 0.943248
2.850000 0.943797
2.860000 0.944340
2.870000 0.944879
2.880000 0.945412
2.890000 0.945940
2.900000 0.946463
2.910000 0.946981
2.920000 0.947495
2.930000 0.948004
2.940000 0.948507
2.950000 0.949006
2.960000 0.949501
2.970000 0.949990
2.980000 0.950476
2.990000 0.950956
3.000000 0.951432
3.010000 0.951903
3.020000 0.952370
3.030000 0.952833
3.040000 0.953291
3.050000 0.953745
3.060000 0.954195
3.070000 0.954640
3.080000 0.955081
3.090000 0.955518
3.100000 0.955950
3.110000 0.956379
3.120000 0.956804
3.130000 0.957224
3.140000 0.957641
3.150000 0.958053
3.160000 0.958462
3.170000 0.958866
3.180000 0.959267
3.190000 0.959664
3.200000 0.960057
3.210000 0.960447
3.220000 0.960833
3.230000 0.961215
3.240000 0.961593
3.250000 0.961968
3.260000 0.962339
3.270000 0.962707
3.280000 0.963071
3.290000 0.963432
3.300000 0.963789
3.310000 0.964142
3.320000 0.964493
3.330000 0.964840
3.340000 0.965184
3.350000 0.965524
3.360000 0.965861
3.370000 0.966195
3.380000 0.966526
3.390000 0.966853
3.400000 0.967177
3.410000 0.967499
3.420000 0.967817
3.430000 0.968132
3.440000 0.968444
3.450000 0.968753
3.460000 0.969059
3.470000 0.969362
3.480000 0.969662
3.490000 0.969960
3.500000 0.970254
3.510000 0.970546
3.520000 0.970834
3.530000 0.971120
3.540000 0.971404
3.550000 0.971684
3.560000 0.971962
3.570000 0.972237
3.580000 0.972509
3.590000 0.972779
3.600000 0.973046
3.610000 0.973311
3.620000 0.973573
3.630000 0.973832
3.640000 0.974089
3.650000 0.974344
3.660000 0.974596
3.670000 0.974845
3.680000 0.975092
3.690000 0.975337
3.700000 0.975580
3.710000 0.975820
3.720000 0.976057
3.730000 0.976293
3.740000 0.976526
3.750000 0.976757
3.760000 0.976985
3.770000 0.977212
3.780000 0.977436
3.790000 0.977658
3.800000 0.977878
3.810000 0.978095
3.820000 0.978311
3.830000 0.978524
3.840000 0.978736
3.850000 0.978945
3.860000 0.979152
3.870000 0.979358
3.880000 0.979561
3.890000 0.979762
3.900000 0.979962
3.910000 0.980159
3.920000 0.980354
3.930000 0.980548
3.940000 0.980740
3.950000 0.980929
3.960000 0.981117
3.970000 0.981304
3.980000 0.981488
3.990000 0.981670
4.000000 0.981851
4.010000 0.982030
4.020000 0.982207
4.030000 0.982383
4.040000 0.982556
4.050000 0.982729
4.060000 0.982899
4.070000 0.983068
4.080000 0.983235
4.090000 0.983400
4.100000 0.983564
4.110000 0.983726
4.120000 0.983887
4.130000 0.984046
4.140000 0.984203
4.150000 0.984359
4.160000 0.984514
4.170000 0.984667
4.180000 0.984818
4.190000 0.984968
4.200000 0.985116
4.210000 0.985263
4.220000 0.985409
4.230000 0.985553
4.240000 0.985696
4.250000 0.985837
4.260000 0.985977
4.270000 0.986116
4.280000 0.986253
4.290000 0.986389
4.300000 0.986523
4.310000 0.986656
4.320000 0.986788
4.330000 0.986919
4.340000 0.987048
4.350000 0.987176
4.360000 0.987303
4.370000 0.987428
4.380000 0.987553
4.390000 0.987676
4.400000 0.987798
4.410000 0.987918
4.420000 0.988038
4.430000 0.988156
4.440000 0.988273
4.450000 0.988389
4.460000 0.988504
4.470000 0.988618
4.480000 0.988731
4.490000 0.988842
4.500000 0.988952
4.510000 0.989062
4.520000 0.989170
4.530000 0.989277
4.540000 0.989383
4.550000 0.989488
4.560000 0.989592
4.570000 0.989695
4.580000 0.989798
4.590000 0.989899
4.600000 0.989999
4.610000 0.990098
4.620000 0.990196
4.630000 0.990293
4.640000 0.990389
4.650000 0.990484
4.660000 0.990578
4.670000 0.990672
4.680000 0.990764
4.690000 0.990855
4.700000 0.990946
4.710000 0.991036
4.720000 0.991124
4.730000 0.991212
4.740000 0.991299
4.750000 0.991386
4.760000 0.991471
4.770000 0.991555
4.780000 0.991639
4.790000 0.991722
4.800000 0.991804
4.810000 0.991885
4.820000 0.991966
4.830000 0.992045
4.840000 0.992124
4.850000 0.992202
4.860000 0.992279
4.870000 0.992356
4.880000 0.992432
4.890000 0.992507
4.900000 0.992581
4.910000 0.992655
4.920000 0.992727
4.930000 0.992800
4.940000 0.992871
4.950000 0.992942
4.960000 0.993012
4.970000 0.993081
4.980000 0.993150
4.990000 0.993217
5.000000 0.993285
5.010000 0.993351
5.020000 0.993417
5.030000 0.993483
5.040000 0.993547
5.050000 0.993611
5.060000 0.993675
5.070000 0.993737
5.080000 0.993799
5.090000 0.993861
5.100000 0.993922
5.110000 0.993982
5.120000 0.994042
5.130000 0.994101
5.140000 0.994159
5.150000 0.994217
5.160000 0.994275
5.170000 0.994332
5.180000 0.994388
5.190000 0.994443
5.200000 0.994499
5.210000 0.994553
5.220000 0.994607
5.230000 0.994661
5.240000 0.994714
5.250000 0.994766
5.260000 0.994818
5.270000 0.994870
5.280000 0.994921
5.290000 0.994971
5.300000 0.995021
5.310000 0.995070
5.320000 0.995119
5.330000 0.995168
5.340000 0.995216
5.350000 0.995263
5.360000 0.995310
5.370000 0.995357
5.380000 0.995403
5.390000 0.995448
5.400000 0.995494
5.410000 0.995538
5.420000 0.995583
5.430000 0.995626
5.440000 0.995670
5.450000 0.995713
5.460000 0.995755
5.470000 0.995798
5.480000 0.995839
5.490000 0.995881
5.500000 0.995922
5.510000 0.995962
5.520000 0.996002
5.530000 0.996042
5.540000 0.996081
5.550000 0.996120
5.560000 0.996159
5.570000 0.996197
5.580000 0.996235
5.590000 0.996272
5.600000 0.996309
5.610000 0.996346
5.620000 0.996382
5.630000 0.996418
5.640000 0.996453
5.650000 0.996489
5.660000 0.996524
5.670000 0.996558
5.680000 0.996592
5.690000 0.996626
5.700000 0.996660
5.710000 0.996693
5.720000 0.996726
5.730000 0.996758
5.740000 0.996790
5.750000 0.996822
5.760000 0.996854
5.770000 0.996885
5.780000 0.996916
5.790000 0.996947
5.800000 0.996977
5.810000 0.997007
5.820000 0.997037
5.830000 0.997066
5.840000 0.997095
5.850000 0.997124
5.860000 0.997153
5.870000 0.997181
5.880000 0.997209
5.890000 0.997237
5.900000 0.997264
5.910000 0.997291
5.920000 0.997318
5.930000 0.997345
5.940000 0.997371
5.950000 0.997398
5.960000 0.997423
5.970000 0.997449
5.980000 0.997474
5.990000 0.997499
6.000000 0.997524
6.010000 0.997549
6.020000 0.997573
6.030000 0.997597
6.040000 0.997621
6.050000 0.997645
6.060000 0.997668
6.070000 0.997691
6.080000 0.997714
6.090000 0.997737
6.100000 0.997760
6.110000 0.997782
6.120000 0.997804
6.130000 0.997826
6.140000 0.997847
6.150000 0.997869
6.160000 0.997890
6.170000 0.997911
6.180000 0.997932
6.190000 0.997952
6.200000 0.997973
6.210000 0.997993
6.220000 0.998013
6.230000 0.998032
6.240000 0.998052
6.250000 0.998071
6.260000 0.998091
6.270000 0.998110
6.280000 0.998128
6.290000 0.998147
6.300000 0.998165
6.310000 0.998184
6.320000 0.998202
6.330000 0.998220
6.340000 0.998237
6.350000 0.998255
6.360000 0.998272
6.370000 0.998289
6.380000 0.998306
6.390000 0.998323
6.400000 0.998340
6.410000 0.998356
6.420000 0.998373
6.430000 0.998389
6.440000 0.998405
6.450000 0.998421
6.460000 0.998436
6.470000 0.998452
6.480000 0.998467
6.490000 0.998483
6.500000 0.998498
6.510000 0.998513
6.520000 0.998527
6.530000 0.998542
6.540000 0.998557
6.550000 0.998571
6.560000 0.998585
6.570000 0.998599
6.580000 0.998613
6.590000 0.998627
6.600000 0.998641
6.610000 0.998654
6.620000 0.998667
6.630000 0.998681
6.640000 0.998694
6.650000 0.998707
6.660000 0.998720
6.670000 0.998732
6.680000 0.998745
6.690000 0.998757
6.700000 0.998770
6.710000 0.998782
6.720000 0.998794
6.730000 0.998806
6.740000 0.998818
6.750000 0.998830
6.760000 0.998841
6.770000 0.998853
6.780000 0.998864
6.790000 0.998876
6.800000 0.998887
6.810000 0.998898
6.820000 0.998909
6.830000 0.998920
6.840000 0.998930
6.850000 0.998941
6.860000 0.998952
6.870000 0.998962
6.880000 0.998972
6.890000 0.998983
6.900000 0.998993
6.910000 0.999003
6.920000 0.999013
6.930000 0.999022
6.940000 0.999032
6.950000 0.999042
6.960000 0.999051
6.970000 0.999061
6.980000 0.999070
6.990000 0.999079
7.000000 0.999089
7.010000 0.999098
7.020000 0.999107
7.030000 0.999115
7.040000 0.999124
7.050000 0.999133
7.060000 0.999142
7.070000 0.999150
7.080000 0.999159
7.090000 0.999167
7.100000 0.999175
7.110000 0.999183
7.120000 0.999192
7.130000 0.999200
7.140000 0.999208
7.150000 0.999215
7.160000 0.999223
7.170000 0.999231
7.180000 0.999239
7.190000 0.999246
7.200000 0.999254
7.210000 0.999261
7.220000 0.999268
7.230000 0.999276
7.240000 0.999283
7.250000 0.999290
7.260000 0.999297
7.270000 0.999304
7.280000 0.999311
7.290000 0.999318
7.300000 0.999325
7.310000 0.999331
7.320000 0.999338
7.330000 0.999345
7.340000 0.999351
7.350000 0.999358
7.360000 0.999364
7.370000 0.999370
7.380000 0.999377
7.390000 0.999383
7.400000 0.999389
7.410000 0.999395
7.420000 0.999401
7.430000 0.999407
7.440000 0.999413
7.450000 0.999419
7.460000 0.999425
7.470000 0.999430
7.480000 0.999436
7.490000 0.999442
7.500000 0.999447
7.510000 0.999453
7.520000 0.999458
7.530000 0.999463
7.540000 0.999469
7.550000 0.999474
7.560000 0.999479
7.570000 0.999484
7.580000 0.999490
7.590000 0.999495
7.600000 0.999500
7.610000 0.999505
7.620000 0.999510
7.630000 0.999514
7.640000 0.999519
7.650000 0.999524
7.660000 0.999529
7.670000 0.999533
7.680000 0.999538
7.690000 0.999543
7.700000 0.999547
7.710000 0.999552
7.720000 0.999556
7.730000 0.999561
7.740000 0.999565
7.750000 0.999569
7.760000 0.999574
7.770000 0.999578
7.780000 0.999582
7.790000 0.999586
7.800000 0.999590
7.810000 0.999594
7.820000 0.999598
7.830000 0.999602
7.840000 0.999606
7.850000 0.999610
7.860000 0.999614
7.870000 0.999618
7.880000 0.999622
7.890000 0.999626
7.900000 0.999629
7.910000 0.999633
7.920000 0.999637
7.930000 0.999640
7.940000 0.999644
7.950000 0.999647
7.960000 0.999651
7.970000 0.999654
7.980000 0.999658
7.990000 0.999661
8.000000 0.999665
8.010000 0.999668
8.020000 0.999671
8.030000 0.999675
8.040000 0.999678
8.050000 0.999681
8.060000 0.999684
8.070000 0.999687
8.080000 0.999690
8.090000 0.999693
8.100000 0.999697
8.110000 0.999700
8.120000 0.999703
8.130000 0.999705
8.140000 0.999708
8.150000 0.999711
8.160000 0.999714
8.170000 0.999717
8.180000 0.999720
8.190000 0.999723
8.200000 0.999725
8.210000 0.999728
8.220000 0.999731
8.230000 0.999733
8.240000 0.999736
8.250000 0.999739
8.260000 0.999741
8.270000 0.999744
8.280000 0.999746
8.290000 0.999749
8.300000 0.999752
8.310000 0.999754
8.320000 0.999756
8.330000 0.999759
8.340000 0.999761
8.350000 0.999764
8.360000 0.999766
8.370000 0.999768
8.380000 0.999771
8.390000 0.999773
8.400000 0.999775
8.410000 0.999777
8.420000 0.999780
8.430000 0.999782
8.440000 0.999784
8.450000 0.999786
8.460000 0.999788
8.470000 0.999790
8.480000 0.999792
8.490000 0.999795
8.500000 0.999797
8.510000 0.999799
8.520000 0.999801
8.530000 0.999803
8.540000 0.999805
8.550000 0.999806
8.560000 0.999808
8.570000 0.999810
8.580000 0.999812
8.590000 0.999814
8.600000 0.999816
8.610000 0.999818
8.620000 0.999820
8.630000 0.999821
8.640000 0.999823
8.650000 0.999825
8.660000 0.999827
8.670000 0.999828
8.680000 0.999830
8.690000 0.999832
8.700000 0.999833
8.710000 0.999835
8.720000 0.999837
8.730000 0.999838
8.740000 0.999840
8.750000 0.999842
8.760000 0.999843
8.770000 0.999845
8.780000 0.999846
8.790000 0.999848
8.800000 0.999849
8.810000 0.999851
8.820000 0.999852
8.830000 0.999854
8.840000 0.999855
8.850000 0.999857
8.860000 0.999858
8.870000 0.999859
8.880000 0.999861
8.890000 0.999862
8.900000 0.999864
8.910000 0.999865
8.920000 0.999866
8.930000 0.999868
8.940000 0.999869
8.950000 0.999870
8.960000 0.999872
8.970000 0.999873
8.980000 0.999874
8.990000 0.999875
9.000000 0.999877
9.010000 0.999878
9.020000 0.999879
9.030000 0.999880
9.040000 0.999881
9.050000 0.999883
9.060000 0.999884
9.070000 0.999885
9.080000 0.999886
9.090000 0.999887
9.100000 0.999888
9.110000 0.999889
9.120000 0.999891
9.130000 0.999892
9.140000 0.999893
9.150000 0.999894
9.160000 0.999895
9.170000 0.999896
9.180000 0.999897
9.190000 0.999898
9.200000 0.999899
9.210000 0.999900
9.220000 0.999901
9.230000 0.999902
9.240000 0.999903
9.250000 0.999904
9.260000 0.999905
9.270000 0.999906
9.280000 0.999907
9.290000 0.999908
9.300000 0.999909
9.310000 0.999909
9.320000 0.999910
9.330000 0.999911
9.340000 0.999912
9.350000 0.999913
9.360000 0.999914
9.370000 0.999915
9.380000 0.999916
9.390000 0.999916
9.400000 0.999917
9.410000 0.999918
9.420000 0.999919
9.430000 0.999920
9.440000 0.999921
9.450000 0.999921
9.460000 0.999922
9.470000 0.999923
9.480000 0.999924
9.490000 0.999924
9.500000 0.999925
9.510000 0.999926
9.520000 0.999927
9.530000 0.999927
9.540000 0.999928
9.550000 0.999929
9.560000 0.999930
9.570000 0.999930
9.580000 0.999931
9.590000 0.999932
9.600000 0.999932
9.610000 0.999933
9.620000 0.999934
9.630000 0.999934
9.640000 0.999935
9.650000 0.999936
9.660000 0.999936
9.670000 0.999937
9.680000 0.999937
9.690000 0.999938
9.700000 0.999939
9.710000 0.999939
9.720000 0.999940
9.730000 0.999941
9.740000 0.999941
9.750000 0.999942
9.760000 0.999942
9.770000 0.999943
9.780000 0.999943
9.790000 0.999944
9.800000 0.999945
9.810000 0.999945
9.820000 0.999946
9.830000 0.999946
9.840000 0.999947
9.850000 0.999947
9.860000 0.999948
9.870000 0.999948
9.880000 0.999949
9.890000 0.999949
9.900000 0.999950
9.910000 0.999950
9.920000 0.999951
9.930000 0.999951
9.940000 0.999952
9.950000 0.999952
9.960000 0.999953
9.970000 0.999953
9.980000 0.999954
9.990000 0.999954
10.000000 0.999955
